[68, 96, 121, 145, 149, 210, 235, 250, 275, 285, 339, 361, 401, 437, 439, 458, 466, 469, 474, 497, 524]
[25, 60, 75, 93, 107, 113, 115, 161, 194, 200, 223, 227, 240, 247, 258, 323, 325, 345, 377, 393, 399, 400, 406, 407, 412, 413, 420, 424, 430, 433, 453, 461, 470, 471, 489, 494, 532, 536, 540, 541, 543, 544, 547]
[6, 17, 34, 37, 54, 66, 70, 84, 100, 110, 112, 163, 169, 195, 196, 201, 217, 224, 248, 252, 253, 266, 281, 282, 304, 368, 375, 376, 402, 419, 429, 431, 436, 440, 480, 514, 525, 526, 527]
[51, 55, 91, 104, 137, 167, 182, 184, 211, 231, 234, 242, 259, 263, 283, 296, 302, 314, 332, 342, 397, 398, 404, 438, 442, 464, 476, 501, 534, 542]
[0, 1, 2, 3, 4, 5, 8, 9, 16, 18, 19, 21, 22, 24, 27, 28, 32, 33, 38, 41, 44, 46, 49, 52, 57, 64, 67, 69, 74, 78, 83, 85, 90, 92, 94, 103, 105, 106, 109, 111, 114, 116, 120, 124, 126, 127, 135, 139, 141, 142, 154, 162, 177, 178, 190, 192, 198, 214, 215, 219, 220, 228, 230, 232, 233, 236, 245, 254, 255, 264, 267, 277, 278, 279, 280, 288, 298, 301, 306, 319, 326, 330, 340, 357, 378, 379, 380, 383, 388, 391, 403, 405, 409, 411, 414, 415, 417, 421, 422, 423, 426, 427, 428, 441, 443, 444, 448, 450, 451, 452, 462, 475, 483, 486, 487, 511, 513, 518, 522, 529, 530, 538, 549, 550, 551]
[98, 156, 334, 372, 390, 502]
[396, 460, 510]
[371, 492]
[519]
[53, 138, 150, 152, 183, 191, 197, 276, 287, 291, 294, 316, 320, 343, 349, 360, 381, 385, 416, 456, 472, 485, 493, 495, 521, 528, 535]
[43, 45, 62, 102, 128, 155, 159, 165, 185, 244, 274, 303, 305, 329, 341, 352, 358, 366, 367, 373, 449, 459, 468, 498, 508]
[374, 488, 491, 496, 503, 509]
[99, 148, 204, 207, 269, 293, 321, 331, 370, 384, 457, 467, 537]
[30, 31, 58, 63, 101, 144, 147, 151, 158, 160, 166, 171, 174, 189, 216, 221, 225, 226, 237, 238, 241, 249, 251, 271, 290, 295, 300, 315, 327, 338, 344, 387, 394, 395, 454, 455, 463, 465, 479, 481, 482, 515, 545]
[42, 76, 108, 243, 257, 312, 318, 322, 347, 355, 408, 418, 425, 434, 447, 490, 504, 512, 517, 520, 523, 546, 548]
[11, 14, 47, 56, 59, 77, 79, 81, 89, 119, 123, 125, 129, 131, 132, 140, 170, 172, 173, 181, 188, 205, 229, 246, 260, 268, 272, 273, 299, 309, 313, 335, 348, 353, 356, 359, 363, 369, 386, 445, 484, 505, 533]
[12, 20, 26, 29, 61, 130, 134, 146, 153, 164, 203, 206, 209, 213, 284, 308, 324, 350, 364, 382, 432, 499, 507]
[7, 10, 15, 23, 35, 40, 48, 50, 65, 72, 80, 82, 87, 88, 117, 122, 133, 136, 157, 168, 175, 176, 202, 222, 286, 292, 354, 362, 365, 410, 435, 478, 516, 539]
[13, 39, 71, 73, 95, 143, 186, 193, 208, 212, 261, 297, 310, 317, 328, 346, 389, 473, 500, 531]
[36, 86, 97, 118, 179, 180, 187, 199, 218, 239, 256, 262, 265, 270, 289, 307, 311, 333, 336, 337, 351, 392, 446, 477, 506]
