[1, 2, 3, 5, 6, 9, 10, 19, 22, 25, 28, 39, 40, 50, 53, 75, 79, 84, 86, 91, 93, 95, 106, 107, 112, 115, 125, 127, 136, 142, 143, 155, 158, 163, 178, 179, 191, 193, 199, 216, 220, 221, 229, 231, 233, 234, 237, 248, 255, 256, 265, 268, 278, 279, 280, 281, 289, 299, 307, 316, 327, 331, 341, 358, 379, 380, 381, 384, 389, 392, 400, 401, 127, 406, 407, 408, 410, 412, 415, 416, 416, 423, 127, 425, 427, 428, 429, 431, 442, 444, 445, 449, 127, 452, 453, 463, 472, 127, 484, 487, 488, 512, 514, 519, 523, 530, 531, 539, 541, 548, 550, 551, 127]
[4, 16, 18, 24, 34, 36, 49, 89, 92, 104, 105, 110, 113, 118, 140, 164, 168, 196, 212, 218, 225, 232, 235, 246, 260, 264, 283, 284, 297, 303, 315, 320, 377, 398, 399, 405, 439, 441, 443, 477, 502, 543]
[7, 38, 41, 67, 69, 71, 83, 85, 88, 101, 111, 123, 126, 135, 156, 197, 202, 249, 253, 254, 267, 282, 293, 305, 355, 366, 369, 374, 376, 403, 420, 430, 432, 433, 437, 460, 479, 481, 499, 515, 517, 526, 527, 528, 540]
[8, 66, 98, 131, 134, 175, 176, 186, 200, 223, 271, 287, 312, 334, 337, 338, 348, 349, 352, 363, 364, 393, 436, 447, 497, 546]
[11, 12, 15, 27, 30, 42, 45, 47, 48, 57, 60, 62, 73, 78, 80, 81, 82, 120, 124, 130, 132, 133, 141, 173, 174, 182, 189, 206, 210, 230, 247, 261, 269, 273, 274, 285, 300, 310, 314, 336, 354, 360, 370, 387, 446, 485, 506, 532, 534]
[13, 14, 20, 44, 46, 63, 65, 129, 137, 139, 151, 154, 184, 187, 198, 209, 270, 277, 321, 329, 347, 353, 386, 390, 450, 473, 474, 496, 501]
[17, 100, 165, 208, 309, 322]
[21, 58, 96, 99, 117, 128, 157, 205, 214, 215, 335, 371, 373, 391, 503]
[23, 29, 35, 56, 59, 68, 102, 138, 145, 148, 152, 160, 161, 167, 172, 185, 190, 217, 222, 226, 227, 238, 239, 242, 250, 272, 291, 296, 301, 302, 328, 339, 344, 345, 388, 396, 455, 456, 457, 480, 482, 483, 516]
[26, 33, 37, 43, 52, 54, 55, 70, 72, 74, 77, 87, 119, 121, 144, 177, 180, 181, 188, 219, 240, 257, 262, 263, 266, 288, 290, 295, 298, 308, 311, 317, 318, 418, 478, 507]
[31, 32, 61, 64, 76, 94, 97, 108, 114, 116, 159, 162, 169, 194, 195, 201, 224, 228, 241, 243, 252, 259, 324, 326, 346, 378, 394, 395, 413, 414, 421, 434, 454, 462, 464, 471, 490, 495, 533, 537, 542, 544, 545]
[51, 183, 203, 245, 275, 292, 333, 343, 350, 351, 359, 411, 465, 535]
[90, 149, 204, 207, 213, 294, 365, 375, 385, 468, 486]
[103, 109, 171, 192, 244, 258, 313, 319, 342, 356, 357, 409, 419, 426, 435, 448, 505, 518, 524, 547, 549]
[122, 146, 150, 170, 211, 236, 251, 276, 286, 323, 340, 362, 368, 383, 402, 438, 440, 459, 466, 467, 470, 475, 491, 498, 509, 513, 521, 525]
[147, 166, 304, 306, 325, 330, 332, 367, 458, 469, 489, 500, 504, 508, 510, 538]
[153, 361, 382, 417, 494, 522, 529, 536]
[372, 492, 493]
[397, 461, 511]
[520]
