[1, 2, 3, 5, 6, 10, 17, 19, 22, 25, 28, 39, 50, 53, 58, 75, 79, 84, 86, 93, 95, 106, 107, 112, 115, 125, 127, 136, 142, 143, 155, 163, 178, 179, 191, 193, 199, 216, 220, 221, 229, 231, 233, 234, 237, 248, 255, 256, 265, 268, 278, 279, 280, 281, 289, 299, 307, 320, 327, 331, 358, 379, 380, 381, 384, 389, 392, 400, 401, 127, 406, 407, 408, 410, 412, 415, 416, 416, 423, 127, 425, 427, 428, 429, 431, 433, 442, 444, 445, 449, 127, 452, 453, 463, 472, 127, 484, 487, 488, 512, 514, 519, 523, 530, 531, 539, 541, 548, 550, 551, 127]
[4, 11, 13, 15, 16, 20, 24, 36, 41, 49, 51, 63, 65, 66, 73, 81, 89, 91, 118, 131, 134, 137, 154, 158, 176, 203, 223, 230, 245, 287, 294, 311, 363, 411]
[7, 67, 71, 83, 85, 88, 101, 111, 123, 126, 135, 197, 202, 249, 253, 254, 267, 282, 293, 305, 355, 366, 369, 374, 376, 403, 420, 430, 432, 479, 481, 515, 517, 526, 527, 528, 540]
[8, 14, 26, 33, 43, 70, 74, 87, 98, 119, 122, 144, 177, 180, 186, 188, 214, 219, 257, 263, 266, 290, 298, 312, 334, 337, 338, 348, 349, 352, 364, 371, 393, 448, 478, 497, 507, 547]
[9, 21, 31, 32, 38, 40, 61, 64, 69, 76, 92, 94, 97, 105, 108, 114, 116, 159, 162, 168, 169, 194, 195, 201, 224, 228, 232, 241, 243, 252, 259, 316, 324, 326, 339, 341, 346, 378, 394, 395, 413, 414, 421, 434, 436, 443, 454, 462, 464, 471, 490, 495, 533, 537, 542, 544, 545]
[12, 27, 30, 42, 45, 47, 57, 60, 62, 78, 80, 82, 90, 120, 121, 124, 130, 132, 133, 141, 165, 173, 174, 182, 189, 210, 247, 261, 269, 273, 274, 285, 300, 310, 314, 333, 336, 354, 370, 446, 485, 506, 508, 534]
[18, 23, 34, 37, 52, 55, 104, 110, 113, 140, 164, 181, 183, 196, 212, 218, 225, 235, 240, 246, 260, 264, 283, 284, 297, 303, 308, 315, 343, 377, 398, 399, 405, 418, 439, 441, 465, 477, 502, 535, 543]
[29, 35, 56, 59, 68, 102, 138, 145, 148, 152, 160, 167, 172, 175, 185, 190, 200, 222, 227, 238, 250, 271, 291, 301, 319, 328, 344, 396, 419, 435, 455, 457, 480, 482, 483, 516]
[44, 77, 147, 161, 171, 198, 217, 226, 239, 242, 258, 272, 296, 325, 332, 345, 357, 388, 409, 456, 466, 473, 549]
[46, 48, 103, 129, 153, 156, 166, 206, 302, 313, 342, 353, 356, 360, 368, 450, 460, 499, 522]
[54, 72, 139, 151, 184, 187, 205, 209, 262, 277, 288, 292, 295, 317, 318, 321, 329, 347, 350, 365, 386, 390, 474, 486, 496, 501, 532, 536]
[96, 99, 100, 117, 128, 157, 207, 208, 213, 215, 309, 335, 373, 375, 391]
[109, 192, 244, 361, 382, 417, 426, 447, 494, 505, 513, 518, 521, 524, 529, 546]
[146, 150, 170, 211, 236, 251, 276, 286, 323, 340, 362, 383, 402, 437, 438, 440, 459, 467, 470, 475, 491, 498, 509, 525]
[149, 322, 458]
[204, 275, 304, 306, 330, 351, 359, 367, 385, 387, 469, 489, 500, 504, 510, 538]
[270, 397, 461, 468, 503, 511]
[372]
[492, 493]
[520]
