[1, 2, 3, 4, 5, 6, 10, 17, 19, 22, 25, 28, 39, 53, 75, 79, 84, 86, 91, 93, 95, 106, 107, 112, 115, 125, 127, 136, 143, 155, 158, 163, 178, 179, 191, 193, 216, 220, 221, 229, 231, 233, 234, 237, 248, 255, 256, 265, 268, 278, 279, 280, 281, 289, 299, 307, 316, 327, 331, 341, 358, 363, 379, 381, 384, 389, 392, 400, 401, 127, 406, 407, 408, 410, 412, 415, 416, 416, 423, 127, 425, 427, 428, 429, 431, 442, 444, 445, 449, 127, 452, 463, 472, 127, 484, 487, 488, 512, 514, 519, 523, 530, 531, 539, 541, 548, 550, 551, 127]
[7, 11, 13, 14, 18, 20, 24, 38, 46, 54, 58, 63, 65, 67, 71, 74, 89, 118, 137, 151, 176, 184, 187, 197, 198, 199, 209, 213, 262, 270, 277, 287, 288, 311, 318, 321, 329, 347, 380, 386, 390, 468, 473, 474, 496, 501]
[8, 26, 33, 37, 43, 55, 66, 76, 77, 87, 98, 119, 177, 180, 181, 188, 219, 223, 240, 257, 258, 263, 266, 290, 298, 308, 312, 334, 337, 338, 352, 418, 478, 507]
[9, 31, 40, 61, 69, 94, 97, 108, 114, 116, 146, 162, 169, 194, 195, 201, 224, 228, 241, 243, 259, 324, 326, 346, 378, 394, 413, 414, 421, 434, 436, 453, 454, 462, 471, 495, 533, 537, 542, 544, 545]
[12, 15, 27, 30, 47, 48, 57, 60, 72, 73, 78, 80, 82, 120, 121, 124, 126, 130, 132, 133, 141, 173, 174, 182, 189, 210, 230, 247, 261, 269, 273, 274, 285, 300, 310, 314, 336, 354, 357, 364, 370, 446, 485, 506, 534]
[16, 23, 50, 51, 52, 99, 117, 129, 156, 160, 183, 185, 186, 203, 206, 207, 215, 292, 302, 333, 342, 343, 360, 450, 460, 465, 499, 535]
[21, 36, 41, 42, 44, 45, 62, 70, 81, 90, 100, 131, 134, 135, 142, 144, 147, 149, 154, 165, 166, 214, 245, 325, 353, 359, 383, 387, 393, 433, 497, 500]
[29, 32, 35, 56, 59, 64, 68, 102, 138, 145, 148, 152, 159, 161, 167, 171, 172, 175, 190, 222, 226, 227, 232, 238, 250, 252, 301, 328, 339, 344, 345, 388, 395, 396, 455, 457, 464, 480, 482, 483, 516, 546]
[34, 49, 92, 104, 105, 110, 113, 140, 164, 168, 196, 212, 218, 225, 235, 246, 260, 264, 283, 284, 297, 303, 315, 320, 377, 398, 399, 405, 411, 439, 441, 443, 477, 490, 502, 543]
[83, 85, 88, 101, 111, 123, 202, 217, 239, 242, 249, 253, 254, 267, 272, 282, 293, 296, 305, 355, 366, 369, 374, 376, 403, 420, 430, 432, 437, 456, 479, 481, 515, 517, 526, 527, 528, 540]
[96, 128, 157, 205, 208, 309, 335, 371, 373, 391, 503]
[103, 109, 192, 200, 244, 271, 291, 313, 319, 348, 356, 409, 419, 426, 435, 447, 448, 505, 518, 524, 547, 549]
[122, 150, 170, 211, 236, 251, 276, 286, 323, 340, 362, 368, 402, 438, 440, 459, 466, 467, 470, 475, 491, 498, 509, 513, 521, 525]
[139, 294, 295, 317, 349, 350, 365, 486, 532, 536]
[153, 361, 382, 417, 494, 522, 529]
[204, 275, 304, 306, 322, 330, 332, 351, 367, 458, 469, 489, 504, 508, 510, 538]
[372, 493]
[375, 385, 461, 492]
[397, 511]
[520]
