[1, 2, 3, 4, 5, 6, 10, 17, 19, 22, 25, 27, 28, 39, 50, 53, 58, 75, 79, 84, 86, 91, 93, 95, 106, 107, 112, 115, 125, 127, 136, 142, 143, 155, 158, 163, 178, 179, 191, 193, 199, 215, 216, 220, 221, 229, 231, 233, 234, 237, 248, 255, 256, 265, 268, 278, 279, 280, 281, 289, 299, 307, 320, 327, 331, 341, 358, 379, 381, 384, 389, 392, 400, 401, 127, 406, 407, 408, 410, 412, 415, 416, 416, 423, 127, 425, 427, 428, 429, 431, 433, 442, 444, 445, 449, 127, 452, 463, 472, 127, 484, 487, 488, 512, 514, 519, 523, 530, 531, 539, 541, 548, 550, 551, 127]
[7, 41, 67, 71, 83, 85, 88, 101, 111, 123, 126, 135, 156, 197, 202, 249, 253, 254, 267, 282, 293, 305, 355, 366, 369, 374, 376, 403, 420, 430, 432, 460, 479, 481, 515, 517, 526, 527, 528, 540]
[8, 122, 134, 137, 169, 176, 186, 223, 287, 312, 334, 337, 338, 348, 349, 352, 363, 368, 393, 436, 497, 513, 521]
[9, 21, 31, 32, 38, 40, 61, 64, 69, 94, 108, 114, 116, 159, 162, 194, 195, 201, 224, 228, 241, 243, 252, 259, 316, 324, 326, 339, 346, 378, 394, 395, 413, 414, 421, 434, 453, 454, 462, 464, 471, 495, 533, 537, 542, 544, 545]
[11, 13, 20, 65, 139, 184, 187, 198, 209, 270, 277, 294, 318, 329, 347, 350, 365, 380, 386, 390, 468, 474, 496, 501, 532]
[12, 15, 30, 47, 48, 57, 60, 72, 73, 78, 80, 82, 124, 131, 132, 133, 141, 165, 173, 174, 182, 189, 206, 210, 247, 261, 269, 273, 274, 285, 295, 300, 310, 314, 333, 336, 354, 360, 364, 370, 446, 485, 506, 534]
[14, 26, 33, 37, 43, 52, 55, 66, 70, 74, 76, 77, 87, 98, 119, 121, 144, 177, 180, 181, 188, 219, 240, 257, 258, 262, 263, 266, 290, 298, 308, 311, 418, 478, 507]
[16, 18, 24, 34, 49, 51, 89, 92, 104, 105, 110, 113, 118, 140, 164, 168, 183, 196, 212, 218, 225, 232, 235, 246, 260, 264, 283, 284, 297, 303, 315, 343, 377, 398, 399, 405, 411, 439, 441, 443, 465, 477, 490, 502, 535, 543]
[23, 29, 35, 42, 56, 59, 68, 102, 138, 145, 148, 152, 160, 161, 167, 171, 172, 190, 217, 222, 226, 227, 238, 239, 242, 250, 272, 291, 296, 325, 328, 344, 345, 357, 388, 396, 455, 456, 457, 482, 483, 516]
[36, 44, 45, 46, 62, 63, 81, 120, 130, 147, 154, 166, 185, 203, 230, 245, 275, 292, 302, 342, 353, 359, 480, 499, 546]
[54, 129, 151, 153, 192, 205, 288, 317, 321, 382, 450, 473, 486, 522, 536]
[90, 204, 304, 306, 330, 351, 367, 383, 385, 387, 469, 500, 508, 538]
[96, 99, 100, 117, 128, 149, 157, 207, 208, 213, 214, 322, 332, 335, 371, 373, 375, 391, 458, 503, 511]
[97, 146, 150, 170, 211, 236, 251, 276, 286, 323, 340, 362, 402, 437, 438, 440, 459, 466, 467, 470, 475, 498, 509, 525]
[103, 109, 175, 200, 244, 271, 301, 313, 319, 356, 409, 419, 426, 435, 447, 448, 491, 505, 518, 524, 547, 549]
[309, 372]
[361, 417, 494, 529]
[397, 461, 493]
[489, 492, 504, 510]
[520]
