[1, 3, 9, 17, 19, 34, 61, 69, 95, 97, 231, 248, 279, 316, 320, 358, 384, 389, 401, 408, 425, 431, 433, 472, 514, 519, 551]
[2, 8, 16, 36, 41, 44, 83, 88, 89, 123, 158, 161, 167, 172, 230, 363]
[4, 92, 104, 105, 110, 128, 140, 168, 212, 232, 235, 246, 260, 264, 297, 303, 315, 335, 398, 399, 405, 439, 477, 502, 503, 543]
[5, 6, 10, 22, 25, 28, 39, 53, 75, 84, 86, 93, 106, 107, 112, 115, 125, 127, 142, 143, 155, 163, 178, 179, 191, 193, 215, 216, 220, 221, 229, 233, 234, 237, 255, 256, 265, 268, 278, 281, 299, 307, 327, 331, 379, 381, 392, 400, 127, 406, 407, 410, 412, 415, 416, 416, 423, 127, 427, 428, 429, 442, 444, 445, 449, 127, 452, 463, 127, 484, 487, 488, 512, 523, 530, 531, 539, 541, 548, 550, 127]
[7, 18, 20, 38, 54, 67, 71, 85, 156, 170, 197, 202, 205, 288, 289, 321]
[11, 13, 15, 24, 35, 46, 49, 62, 63, 65, 91, 118, 137, 154, 187, 199, 280, 311, 341, 520]
[12, 27, 30, 47, 60, 73, 80, 82, 124, 126, 136, 165, 173, 174, 182, 210, 247, 261, 269, 273, 285, 310, 336, 354, 370, 534]
[14, 40, 58, 72, 74, 96, 209, 213, 262, 318, 347, 380, 390, 501]
[21, 31, 32, 64, 79, 147, 159, 222, 227, 252, 339, 388, 395, 464, 483]
[23, 29, 42, 45, 56, 59, 68, 102, 138, 145, 148, 152, 160, 190, 238, 250, 328, 396, 455, 482, 516]
[26, 33, 43, 50, 70, 76, 77, 87, 98, 119, 121, 144, 177, 208, 214, 258, 266, 371, 373, 418]
[37, 52, 55, 99, 180, 181, 219, 240, 257, 263, 290, 298, 308, 478, 507]
[48, 103, 129, 166, 206, 302, 342, 356, 547]
[51, 183, 185, 203, 207, 245, 275, 309, 333, 343, 351, 411, 465, 535]
[57, 78, 133, 149, 157, 189, 274, 364, 383, 446, 485, 500, 506, 508]
[66, 131, 223, 287, 334, 337, 349, 497]
[81, 100, 132, 134, 169, 176, 186, 322, 338, 359, 393, 436]
[90, 204, 344, 365, 397, 457, 474, 511, 532]
[94, 108, 114, 116, 162, 194, 201, 224, 228, 241, 243, 259, 324, 326, 346, 378, 394, 413, 414, 421, 434, 453, 454, 462, 471, 495, 533, 537, 542, 544, 545]
[101, 111, 135, 249, 253, 254, 267, 282, 305, 369, 374, 376, 403, 420, 430, 432, 437, 481, 515, 526, 527, 528]
[109, 175, 200, 244, 271, 301, 447]
[113, 164, 196, 218, 225, 283, 284, 377, 441]
[117, 130, 141, 300, 314, 360, 387, 391]
[120, 304, 306, 330, 367, 469, 480, 546]
[122, 188, 195, 312, 323, 352, 448, 491]
[139, 184, 198, 270, 277, 329, 468, 473, 496]
[146, 150, 211, 236, 251, 276, 286, 362, 402, 438, 440, 467, 470, 475, 525]
[151, 192, 382, 386, 461]
[153, 372, 375, 385, 450, 522]
[171, 217, 226, 239, 242, 272, 296, 325, 332, 345, 357, 456, 466]
[291, 313, 319, 409, 419, 435, 505, 518, 549]
[292, 294, 350]
[293, 348, 355, 366, 479, 513, 517, 521, 540]
[295, 317, 486, 536]
[340, 443, 459, 490, 498]
[353]
[361, 417]
[368, 458, 460, 492, 493, 499, 509]
[426, 489, 504, 510, 524]
[494, 529, 538]
