[1, 2, 9, 19, 28, 34, 61, 69, 95, 106, 123, 136, 220, 229, 231, 234, 248, 255, 256, 279, 281, 299, 316, 320, 341, 358, 384, 389, 401, 408, 425, 431, 472, 484, 514, 519, 530, 539, 550, 551]
[3, 5, 6, 10, 22, 25, 39, 53, 75, 84, 86, 93, 107, 112, 115, 125, 127, 142, 143, 163, 179, 191, 193, 216, 221, 233, 237, 265, 268, 278, 307, 327, 331, 379, 381, 392, 400, 127, 406, 407, 410, 412, 415, 416, 416, 423, 127, 427, 428, 429, 442, 444, 445, 449, 127, 452, 463, 127, 488, 512, 523, 531, 541, 548, 127]
[4, 23, 29, 37, 42, 45, 68, 92, 104, 105, 110, 138, 140, 145, 152, 168, 181, 190, 212, 232, 235, 238, 240, 246, 260, 264, 297, 303, 308, 315, 398, 399, 405, 418, 439, 477, 502, 543]
[7, 11, 13, 14, 17, 18, 20, 21, 38, 40, 41, 44, 54, 58, 62, 63, 65, 67, 70, 71, 85, 121, 135, 137, 144, 155, 197, 199, 202, 214, 280, 288, 289, 311, 321, 380, 390, 433, 501]
[8, 26, 33, 43, 74, 76, 87, 98, 119, 122, 177, 180, 188, 209, 219, 257, 262, 263, 266, 290, 298, 312, 318, 352, 448, 478, 507]
[12, 27, 30, 47, 57, 60, 72, 78, 80, 120, 124, 126, 130, 133, 141, 165, 173, 174, 182, 189, 210, 247, 269, 273, 274, 285, 300, 310, 314, 336, 354, 446, 485, 532, 534]
[15, 16, 24, 49, 51, 66, 73, 82, 91, 118, 154, 158, 178, 223, 230, 363, 411, 487]
[31, 32, 56, 64, 79, 147, 159, 167, 187, 222, 226, 227, 252, 339, 388, 395, 464, 480, 483, 546]
[35, 36, 55, 59, 89, 102, 113, 148, 164, 172, 196, 218, 225, 283, 284, 377, 441]
[46, 48, 50, 52, 103, 129, 151, 156, 166, 186, 206, 302, 342, 353, 356, 360, 450, 460, 499]
[77, 171, 217, 239, 242, 258, 272, 291, 296, 313, 325, 345, 357, 409, 419, 456, 547, 549]
[81, 132, 134, 176, 287, 334, 337, 338, 349, 359, 364, 393, 436, 497]
[83, 88, 161, 198, 293, 355, 366, 479, 517, 540]
[90, 204, 304, 306, 330, 351, 367, 383, 387, 469, 500, 508, 538]
[94, 108, 114, 116, 162, 169, 194, 195, 201, 224, 228, 241, 243, 259, 324, 326, 346, 378, 394, 413, 414, 421, 434, 453, 454, 462, 471, 495, 533, 537, 542, 544, 545]
[96, 99, 117, 128, 157, 215, 309, 335, 373, 391]
[97, 146, 150, 170, 211, 236, 251, 276, 286, 323, 362, 402, 438, 440, 466, 467, 470, 475, 509, 525]
[100]
[101, 111, 249, 253, 254, 267, 282, 305, 369, 374, 376, 403, 420, 430, 432, 437, 481, 515, 526, 527, 528]
[109, 244, 348, 368, 426, 491, 505, 513, 518, 521, 524]
[131, 207, 295, 317, 350, 365, 486, 536]
[139, 184, 205, 270, 277, 294, 329, 468, 496]
[149, 458]
[153, 192, 361, 382, 417, 494, 522, 529]
[160, 183, 185, 203, 245, 275, 292, 333, 343, 465, 535]
[175, 200, 271, 301, 319, 328, 396, 435, 447, 455, 482, 516]
[208, 213, 261, 347, 370, 371, 506]
[250, 340, 443, 459, 490, 498]
[322]
[332]
[344, 386, 457, 473, 474]
[372]
[375, 385]
[397, 461]
[489, 504, 510]
[492]
[493]
[503]
[511]
[520]
