[11, 14, 47, 56, 77, 79, 119, 123, 125, 131, 132, 170, 172, 173, 181, 188, 246, 260, 268, 272, 273, 309, 313, 335, 348, 353, 363, 369, 445, 484, 505, 533]
[155, 185, 341, 367, 373, 449, 459, 498, 508]
[51, 182, 184, 332, 342, 464, 534]
[43, 45, 49, 62, 78, 129, 140, 141, 162, 205, 299, 301, 352, 359]
[292, 354, 365, 478, 512, 516, 520, 539]
[1, 7, 15, 23, 48, 50, 65, 72, 81, 82, 87, 97, 117, 122, 136, 157, 175, 176, 177, 202, 222, 229, 286, 333, 336, 347, 362, 410, 435, 486]
[20, 26, 29, 40, 69, 130, 134, 146, 153, 165, 213, 305, 324, 432]
[2, 3, 10, 16, 19, 22, 24, 41, 44, 57, 59, 80, 85, 116, 124, 127, 154, 164, 209, 214, 306]
[0, 6, 8, 17, 32, 37, 46, 64, 66, 70, 71, 73, 83, 84, 90, 120, 135, 143, 169, 190, 198, 201, 208, 261, 279, 288, 297, 310, 317, 340, 379, 389, 473, 500]
[204, 207, 269, 370]
[39, 95, 193, 196, 212, 328, 346, 402, 467]
[139, 211, 234, 245, 259, 263, 296, 302, 314, 398, 404, 438, 476, 501, 542]
[54, 112, 163, 195, 217, 224, 282, 283, 339, 376, 440, 442, 458, 489, 497]
[42, 76, 128, 216, 225, 238, 241, 257, 271, 295, 312, 344, 355, 356, 408, 455, 546, 548]
[102, 108, 174, 243, 249, 251, 300, 327, 338, 394, 463, 465, 479, 545]
[30, 31, 55, 63, 91, 104, 137, 158, 167, 194, 221, 226, 231, 242, 315, 397, 482]
[12, 34, 58, 67, 88, 101, 144, 147, 151, 159, 160, 166, 171, 189, 237, 290, 395, 454, 515]
[4, 5, 9, 18, 21, 27, 28, 33, 38, 52, 74, 92, 94, 103, 105, 106, 109, 111, 114, 126, 142, 178, 192, 215, 219, 220, 228, 230, 232, 233, 236, 254, 255, 264, 267, 277, 278, 280, 298, 319, 326, 330, 357, 378, 380, 383, 388, 391, 403, 405, 409, 411, 414, 415, 417, 421, 422, 423, 426, 427, 428, 441, 443, 444, 448, 450, 451, 462, 475, 483, 487, 511, 513, 518, 522, 529, 530, 538, 549, 550, 551]
[100, 110, 248, 252, 253, 266, 281, 304, 368, 375, 419, 429, 431, 436, 480, 514, 525, 526, 527]
[96, 145, 149, 210, 235, 250, 275, 285, 361, 401, 437, 439, 466, 469, 474, 524]
[25, 35, 60, 61, 68, 75, 93, 107, 113, 115, 133, 161, 168, 187, 200, 223, 227, 240, 247, 258, 323, 325, 345, 377, 393, 399, 400, 406, 407, 412, 413, 420, 424, 430, 433, 452, 453, 461, 470, 471, 494, 532, 536, 540, 541, 543, 544, 547]
[36, 86, 118, 179, 180, 218, 239, 256, 262, 265, 289, 307, 477, 506]
[121, 311, 322, 337, 351, 392, 447, 490]
[488, 503, 509]
[89, 152, 203, 244, 274, 291, 293, 303, 350, 358, 366, 386, 468]
[329, 382, 499, 507, 537]
[360, 416, 493, 528]
[199, 270, 318, 418, 425, 434, 446, 504, 517, 523]
[13, 138, 183, 186, 197, 276, 343, 385, 387, 456, 472, 481, 495]
[284, 294, 316, 349, 364, 485, 531]
[53, 150, 191, 287, 320, 381, 521, 535]
[396, 460, 510]
[491, 492]
[374, 384]
[98, 206, 496]
[148, 331, 457]
[99, 321]
[156, 334, 372, 390, 502]
[308, 371]
[519]
