[360, 374, 384, 416, 485, 493, 521, 528, 535, 537]
[53, 138, 150, 183, 191, 197, 204, 269, 276, 287, 316, 320, 328, 381, 385, 425, 460, 467, 472, 495]
[488, 491, 496, 503, 509]
[108, 243, 292, 347, 354, 365, 478, 512, 516, 520, 523, 539]
[11, 26, 29, 79, 123, 125, 164, 172, 173, 181, 209, 246, 260, 268, 272, 284, 309, 313, 335, 353, 369, 445, 533]
[14, 35, 47, 56, 61, 77, 80, 99, 119, 129, 131, 132, 133, 148, 156, 169, 170, 188, 229, 273, 348, 363, 382, 484, 499, 505, 507]
[15, 50, 89, 140, 152, 182, 202, 203, 244, 274, 291, 293, 299, 308, 332, 342, 349, 350, 359, 371, 386, 390, 410, 464, 534]
[303, 305, 329, 358, 366, 468, 479, 492, 545]
[43, 45, 49, 62, 78, 102, 116, 128, 141, 155, 159, 162, 165, 184, 185, 205, 214, 301, 341, 352, 355, 367, 373, 449, 457, 459, 498, 508, 546]
[25, 75, 121, 187, 311, 321, 322, 325, 337, 351, 392, 435, 447, 453, 490]
[32, 36, 42, 51, 54, 65, 69, 76, 86, 97, 98, 118, 130, 143, 176, 179, 180, 199, 206, 207, 213, 218, 239, 256, 257, 262, 265, 270, 289, 294, 307, 333, 336, 370, 372, 417, 446, 477, 506]
[55, 59, 91, 104, 112, 127, 137, 139, 163, 167, 195, 211, 217, 224, 231, 234, 242, 245, 259, 263, 282, 283, 296, 302, 314, 334, 339, 376, 397, 398, 404, 438, 440, 442, 458, 476, 489, 497, 501, 502, 542]
[290, 312, 318, 408, 418, 434, 504, 517, 548]
[216, 225, 238, 241, 271, 295, 324, 331, 344, 356, 455, 465]
[12, 19, 22, 28, 34, 41, 44, 58, 67, 88, 101, 144, 147, 151, 160, 166, 171, 174, 189, 228, 237, 249, 300, 327, 343, 387, 395, 396, 454, 456, 481, 510, 515]
[0, 2, 4, 5, 9, 16, 18, 21, 24, 27, 33, 38, 74, 85, 92, 94, 103, 105, 106, 109, 111, 114, 124, 126, 142, 178, 192, 215, 219, 220, 230, 232, 233, 236, 247, 254, 255, 264, 267, 277, 278, 280, 298, 306, 319, 326, 330, 357, 378, 380, 383, 388, 391, 399, 400, 403, 405, 406, 407, 409, 411, 414, 415, 421, 422, 423, 424, 426, 427, 428, 430, 432, 441, 443, 444, 448, 450, 451, 462, 471, 475, 483, 487, 511, 513, 518, 522, 529, 530, 538, 540, 547, 549, 550, 551]
[13, 71, 73, 95, 208, 212, 261, 297, 317, 346, 364, 379, 389, 473, 500, 531]
[1, 3, 6, 7, 8, 10, 17, 23, 37, 39, 40, 46, 48, 52, 57, 64, 66, 68, 70, 72, 81, 82, 83, 84, 87, 90, 117, 120, 122, 134, 135, 136, 153, 154, 157, 161, 168, 175, 177, 186, 190, 193, 196, 198, 200, 201, 222, 279, 286, 288, 310, 340, 362, 486, 519]
[20, 30, 31, 60, 63, 93, 107, 113, 115, 146, 158, 194, 221, 223, 226, 227, 240, 251, 258, 315, 323, 338, 345, 377, 393, 394, 412, 413, 420, 433, 452, 461, 463, 470, 482, 494, 532, 536, 541, 543, 544]
[96, 100, 110, 145, 149, 210, 235, 248, 250, 252, 253, 266, 275, 281, 285, 304, 361, 368, 375, 401, 402, 419, 429, 431, 436, 437, 439, 466, 469, 474, 480, 514, 524, 525, 526, 527]
