[360, 416, 493, 528, 537]
[374, 384, 521]
[485, 535]
[53, 150, 191, 204, 287, 316, 320, 381, 460]
[138, 183, 197, 269, 276, 328, 385, 425, 467, 472, 495]
[488, 491, 496, 503, 509]
[292, 354, 365, 478, 516, 539]
[108, 243, 347, 512, 520, 523]
[11, 26, 29, 79, 123, 125, 164, 172, 173, 181, 209, 246, 260, 268, 272, 284, 309, 313, 335, 353, 369, 445, 533]
[14, 35, 61, 80, 99, 119, 129, 131, 132, 133, 188, 229, 348, 363]
[47, 56, 77, 148, 156, 169, 170, 273, 382, 484, 499, 505, 507]
[89, 152, 203, 274, 291, 293, 349, 350, 371]
[140, 299, 308, 332, 359, 386, 390]
[15, 50, 182, 202, 244, 342, 410, 464, 534]
[303, 358, 366, 492]
[305, 329, 468, 479, 545]
[155, 367, 373, 449, 457, 459, 498, 508]
[128, 165, 185, 205, 341, 355, 546]
[43, 45, 49, 62, 78, 102, 116, 141, 159, 162, 184, 214, 301, 352]
[321, 337, 392, 435]
[25, 75, 121, 187, 311, 322, 325, 351, 447, 453, 490]
[65, 97, 199, 270, 333, 336, 446]
[51, 98, 130, 206, 294]
[32, 36, 42, 54, 69, 76, 86, 118, 143, 176, 179, 180, 207, 213, 218, 239, 256, 257, 262, 265, 289, 307, 370, 372, 417, 477, 506]
[55, 59, 91, 104, 127, 137, 139, 167, 211, 231, 234, 242, 245, 259, 263, 296, 302, 314, 334, 397, 398, 404, 438, 476, 501, 502, 542]
[112, 163, 195, 217, 224, 282, 283, 376, 440]
[339, 442, 458, 489, 497]
[290, 312, 318, 408, 418, 434, 504, 517, 548]
[216, 225, 238, 241, 271, 295, 324, 331, 344, 356, 455, 465]
[343, 387, 396, 456, 481, 510]
[174, 249, 300, 327, 395, 454, 515]
[12, 19, 22, 28, 34, 41, 44, 58, 67, 88, 101, 144, 147, 151, 160, 166, 171, 189, 228, 237]
[0, 2, 4, 5, 9, 16, 18, 21, 24, 27, 33, 38, 74, 85, 92, 94, 103, 105, 106, 109, 111, 114, 124, 126, 142, 178, 192, 215, 219, 220, 230, 232, 233, 236, 247, 254, 255, 264, 267, 277, 278, 280, 298, 306, 319, 326, 330, 357, 378, 380, 383, 388, 391, 399, 400, 403, 405, 406, 407, 409, 411, 414, 415, 421, 422, 423, 424, 426, 427, 428, 430, 432, 441, 443, 444, 448, 450, 451, 462, 471, 475, 483, 487, 511, 513, 518, 522, 529, 530, 538, 540, 547, 549, 550, 551]
[13, 71, 73, 95, 208, 212, 261, 297, 317, 346, 364, 379, 389, 473, 500, 531]
[1, 3, 7, 10, 23, 40, 48, 72, 81, 82, 87, 90, 117, 136, 153, 157, 175, 177, 222, 286, 310, 362, 486]
[6, 8, 17, 37, 39, 46, 52, 57, 64, 66, 68, 70, 83, 84, 120, 122, 134, 135, 154, 161, 168, 186, 190, 193, 196, 198, 200, 201, 279, 288, 340, 519]
[60, 93, 107, 113, 115, 223, 227, 240, 258, 323, 377, 393, 412, 413, 420, 433, 452, 470, 494, 532, 541, 543]
[20, 30, 31, 63, 146, 158, 194, 221, 226, 251, 315, 338, 345, 394, 461, 463, 482, 536, 544]
[100, 110, 248, 252, 253, 266, 281, 304, 368, 375, 402, 419, 429, 431, 436, 480, 514, 525, 526, 527]
[96, 145, 149, 210, 235, 250, 275, 285, 361, 401, 437, 439, 466, 469, 474, 524]
