[1, 2, 3, 4, 5, 6, 7, 9, 10, 17, 19, 22, 25, 27, 28, 39, 53, 58, 75, 84, 86, 93, 95, 106, 107, 112, 115, 125, 127, 136, 142, 143, 155, 163, 178, 179, 191, 193, 216, 220, 221, 229, 231, 233, 234, 237, 248, 255, 256, 265, 268, 278, 279, 280, 281, 289, 299, 307, 320, 327, 331, 358, 379, 381, 384, 389, 392, 400, 401, 127, 406, 407, 408, 410, 412, 415, 416, 416, 423, 127, 425, 427, 428, 429, 431, 433, 442, 444, 445, 449, 127, 452, 463, 472, 127, 484, 487, 488, 512, 519, 523, 530, 531, 539, 541, 548, 550, 551, 127]
[8, 11, 36, 41, 49, 66, 81, 83, 91, 100, 131, 132, 134, 137, 154, 158, 176, 223, 230, 287, 311, 322, 334, 337, 338, 349, 363, 393, 436]
[12, 30, 47, 60, 73, 80, 82, 124, 130, 133, 141, 165, 173, 174, 182, 206, 210, 247, 261, 269, 273, 285, 295, 300, 310, 314, 336, 354, 360, 370, 387, 391, 446, 532, 534]
[13, 15, 18, 20, 23, 24, 35, 38, 42, 44, 45, 62, 63, 65, 68, 89, 118, 121, 187, 199, 341, 344, 457]
[14, 26, 33, 37, 43, 55, 70, 76, 77, 87, 98, 119, 122, 144, 166, 177, 180, 181, 186, 188, 208, 214, 219, 240, 257, 258, 263, 266, 290, 298, 308, 312, 352, 371, 373, 418, 448, 478, 507, 547]
[16, 51, 52, 99, 117, 183, 185, 203, 207, 215, 245, 292, 309, 333, 343, 411, 460, 465, 499, 535]
[21, 29, 31, 32, 50, 56, 61, 64, 79, 97, 147, 159, 167, 195, 217, 222, 226, 227, 239, 242, 252, 296, 316, 325, 339, 388, 395, 464, 483, 514, 520]
[34, 92, 104, 105, 110, 113, 128, 140, 164, 168, 196, 212, 218, 225, 232, 235, 246, 260, 264, 283, 284, 297, 303, 315, 335, 377, 398, 399, 405, 439, 441, 443, 477, 490, 502, 503, 543]
[40, 69, 94, 108, 114, 116, 162, 169, 194, 201, 224, 228, 241, 243, 259, 324, 326, 346, 378, 394, 413, 414, 421, 434, 453, 454, 462, 471, 495, 533, 537, 542, 544, 545]
[46, 129, 139, 184, 192, 198, 209, 270, 277, 329, 356, 386, 473, 496, 511]
[48, 57, 78, 149, 157, 171, 189, 274, 357, 364, 383, 485, 500, 506, 508]
[54, 67, 72, 74, 96, 151, 170, 205, 213, 262, 288, 294, 317, 318, 321, 347, 365, 380, 390, 397, 474, 501]
[59, 102, 138, 145, 148, 152, 160, 172, 190, 238, 250, 272, 291, 328, 345, 396, 455, 456, 516]
[71, 85, 88, 101, 111, 123, 126, 135, 156, 197, 202, 249, 253, 254, 267, 282, 305, 369, 374, 376, 403, 420, 430, 432, 437, 481, 515, 526, 527, 528]
[90, 120, 204, 275, 302, 304, 306, 330, 351, 353, 367, 469, 480, 546]
[103, 109, 161, 175, 200, 244, 271, 301, 313, 319, 409, 419, 426, 435, 447, 482, 505, 518, 524, 549]
[146, 150, 211, 236, 251, 276, 286, 323, 332, 340, 362, 402, 438, 440, 458, 459, 466, 467, 470, 475, 491, 498, 525]
[153, 342, 359, 368, 372, 375, 385, 450, 489, 492, 493, 497, 504, 509, 510, 522]
[293, 348, 355, 366, 461, 468, 479, 513, 517, 521, 540]
[350, 361, 382, 417, 486, 494, 529, 536, 538]
