[11, 14, 47, 56, 77, 79, 119, 123, 125, 131, 132, 170, 172, 173, 181, 188, 246, 260, 268, 272, 273, 309, 313, 335, 348, 353, 363, 369, 445, 484, 505, 533]
[43, 45, 49, 51, 62, 78, 129, 140, 141, 155, 162, 182, 184, 185, 205, 299, 301, 332, 341, 342, 352, 359, 367, 373, 449, 459, 464, 498, 508, 534]
[1, 7, 15, 23, 48, 50, 65, 72, 81, 82, 87, 97, 117, 122, 136, 157, 175, 176, 177, 202, 222, 229, 286, 292, 333, 336, 347, 354, 362, 365, 410, 435, 478, 486, 512, 516, 520, 539]
[2, 3, 10, 16, 19, 20, 22, 24, 26, 29, 40, 41, 44, 57, 59, 69, 80, 85, 116, 124, 127, 130, 134, 146, 153, 154, 164, 165, 209, 213, 214, 305, 306, 324, 432]
[0, 6, 8, 17, 32, 37, 39, 46, 64, 66, 70, 71, 73, 83, 84, 90, 95, 120, 135, 143, 169, 190, 193, 196, 198, 201, 204, 207, 208, 212, 261, 269, 279, 288, 297, 310, 317, 328, 340, 346, 370, 379, 389, 402, 467, 473, 500]
[54, 112, 139, 163, 195, 211, 217, 224, 234, 245, 259, 263, 282, 283, 296, 302, 314, 339, 376, 398, 404, 438, 440, 442, 458, 476, 489, 497, 501, 542]
[42, 76, 128, 216, 225, 238, 241, 257, 271, 295, 312, 344, 355, 356, 408, 455, 546, 548]
[12, 30, 31, 34, 55, 58, 63, 67, 88, 91, 101, 102, 104, 108, 137, 144, 147, 151, 158, 159, 160, 166, 167, 171, 174, 189, 194, 221, 226, 231, 237, 242, 243, 249, 251, 290, 300, 315, 327, 338, 394, 395, 397, 454, 463, 465, 479, 482, 515, 545]
[4, 5, 9, 18, 21, 27, 28, 33, 38, 52, 74, 92, 94, 103, 105, 106, 109, 111, 114, 126, 142, 178, 192, 215, 219, 220, 228, 230, 232, 233, 236, 254, 255, 264, 267, 277, 278, 280, 298, 319, 326, 330, 357, 378, 380, 383, 388, 391, 403, 405, 409, 411, 414, 415, 417, 421, 422, 423, 426, 427, 428, 441, 443, 444, 448, 450, 451, 462, 475, 483, 487, 511, 513, 518, 522, 529, 530, 538, 549, 550, 551]
[96, 100, 110, 145, 149, 210, 235, 248, 250, 252, 253, 266, 275, 281, 285, 304, 361, 368, 375, 401, 419, 429, 431, 436, 437, 439, 466, 469, 474, 480, 514, 524, 525, 526, 527]
[25, 35, 60, 61, 68, 75, 93, 107, 113, 115, 133, 161, 168, 187, 200, 223, 227, 240, 247, 258, 323, 325, 345, 377, 393, 399, 400, 406, 407, 412, 413, 420, 424, 430, 433, 452, 453, 461, 470, 471, 494, 532, 536, 540, 541, 543, 544, 547]
[36, 86, 118, 121, 179, 180, 218, 239, 256, 262, 265, 289, 307, 311, 322, 337, 351, 392, 447, 477, 490, 506]
[89, 152, 203, 244, 274, 291, 293, 303, 329, 350, 358, 366, 382, 386, 468, 488, 499, 503, 507, 509, 537]
[199, 270, 318, 360, 416, 418, 425, 434, 446, 493, 504, 517, 523, 528]
[13, 53, 138, 150, 183, 186, 191, 197, 276, 284, 287, 294, 316, 320, 343, 349, 364, 381, 385, 387, 456, 472, 481, 485, 495, 521, 531, 535]
[396, 460, 510]
[98, 99, 148, 206, 321, 331, 374, 384, 457, 491, 492, 496]
[156, 334, 372, 390, 502]
[308, 371]
[519]
